  % Total    % Received % Xferd  Average Speed   Time    Time     Time  Current
                                 Dload  Upload   Total   Spent    Left  Speed
  0     0    0     0    0     0      0      0 --:--:-- --:--:-- --:--:--     0data: {"data":"===== Application Startup at 2026-02-26 15:21:06 =====\n","timestamp":"2026-02-26T15:21:06Z"}

data: {"data":"","timestamp":"2026-02-26T15:21:31.882Z"}

data: {"data":" ⛅️ wrangler 4.59.3 (update available 4.69.0)","timestamp":"2026-02-26T15:21:31.882Z"}

data: {"data":"─────────────────────────────────────────────","timestamp":"2026-02-26T15:21:31.882Z"}

data: {"data":"Using vars defined in .dev.vars","timestamp":"2026-02-26T15:21:31.926Z"}

data: {"data":"Your Worker has access to the following bindings:","timestamp":"2026-02-26T15:21:31.928Z"}

data: {"data":"Binding                                  Resource                  Mode","timestamp":"2026-02-26T15:21:31.928Z"}

data: {"data":"env.JINA_API_KEY (\"(hidden)\")            Environment Variable      local","timestamp":"2026-02-26T15:21:31.928Z"}

data: {"data":"env.VITE_GHOST_API_KEY (\"(hidden)\")      Environment Variable      local","timestamp":"2026-02-26T15:21:31.929Z"}

data: {"data":"","timestamp":"2026-02-26T15:21:31.929Z"}

data: {"data":"❓ Your types might be out of date. Re-run `wrangler types` to ensure your types are correct.","timestamp":"2026-02-26T15:21:31.939Z"}

data: {"data":"⎔ Starting local server...","timestamp":"2026-02-26T15:21:32.735Z"}

data: {"data":"[wrangler:info] Ready on http://0.0.0.0:7860","timestamp":"2026-02-26T15:21:33.255Z"}

data: {"data":"[wrangler:info] - http://127.0.0.1:7860","timestamp":"2026-02-26T15:21:33.256Z"}

data: {"data":"[wrangler:info] - http://10.108.52.11:7860","timestamp":"2026-02-26T15:21:33.256Z"}

data: {"data":"[wrangler:info] GET /health 200 OK (82ms)","timestamp":"2026-02-26T15:26:35.639Z"}

data: {"data":"[wrangler:info] GET /api-docs 200 OK (11ms)","timestamp":"2026-02-26T15:26:50.443Z"}

data: {"data":"[wrangler:info] GET / 200 OK (10ms)","timestamp":"2026-02-26T15:27:05.813Z"}

data: {"data":"[wrangler:info] GET / 200 OK (12ms)","timestamp":"2026-02-26T15:37:04.579Z"}

data: {"data":"[wrangler:info] GET / 200 OK (9ms)","timestamp":"2026-02-26T15:45:06.193Z"}

100  2130    0  2130    0     0   1232      0 --:--:--  0:00:01 --:--:--  1234100  2130    0  2130    0     0    771      0 --:--:--  0:00:02 --:--:--   772100  2130    0  2130    0     0    566      0 --:--:--  0:00:03 --:--:--   566100  2130    0  2130    0     0    447      0 --:--:--  0:00:04 --:--:--   447100  2130    0  2130    0     0    369      0 --:--:--  0:00:05 --:--:--   369100  2130    0  2130    0     0    314      0 --:--:--  0:00:06 --:--:--     0100  2130    0  2130    0     0    274      0 --:--:--  0:00:07 --:--:--     0100  2130    0  2130    0     0    242      0 --:--:--  0:00:08 --:--:--     0100  2130    0  2130    0     0    217      0 --:--:--  0:00:09 --:--:--     0100  2130    0  2130    0     0    197      0 --:--:--  0:00:10 --:--:--     0100  2130    0  2130    0     0    180      0 --:--:--  0:00:11 --:--:--     0100  2130    0  2130    0     0    166      0 --:--:--  0:00:12 --:--:--     0100  2130    0  2130    0     0    154      0 --:--:--  0:00:13 --:--:--     0100  2130    0  2130    0     0    144      0 --:--:--  0:00:14 --:--:--     0100  2130    0  2130    0     0    134      0 --:--:--  0:00:15 --:--:--     0100  2130    0  2130    0     0    126      0 --:--:--  0:00:16 --:--:--     0100  2130    0  2130    0     0    119      0 --:--:--  0:00:17 --:--:--     0100  2130    0  2130    0     0    113      0 --:--:--  0:00:18 --:--:--     0data: {"data":"[wrangler:info] GET /health 200 OK (105ms)","timestamp":"2026-02-26T16:29:40.997Z"}

100  2230    0  2230    0     0    112      0 --:--:--  0:00:19 --:--:--    19100  2230    0  2230    0     0    106      0 --:--:--  0:00:20 --:--:--    19100  2230    0  2230    0     0    102      0 --:--:--  0:00:21 --:--:--    19100  2230    0  2230    0     0     97      0 --:--:--  0:00:22 --:--:--    19100  2230    0  2230    0     0     93      0 --:--:--  0:00:23 --:--:--    19100  2230    0  2230    0     0     89      0 --:--:--  0:00:24 --:--:--     0100  2230    0  2230    0     0     86      0 --:--:--  0:00:25 --:--:--     0100  2230    0  2230    0     0     83      0 --:--:--  0:00:26 --:--:--     0100  2230    0  2230    0     0     80      0 --:--:--  0:00:27 --:--:--     0100  2230    0  2230    0     0     77      0 --:--:--  0:00:28 --:--:--     0100  2230    0  2230    0     0     74      0 --:--:--  0:00:29 --:--:--     0100  2230    0  2230    0     0     72      0 --:--:--  0:00:30 --:--:--     0100  2230    0  2230    0     0     69      0 --:--:--  0:00:31 --:--:--     0100  2230    0  2230    0     0     67      0 --:--:--  0:00:32 --:--:--     0100  2230    0  2230    0     0     65      0 --:--:--  0:00:33 --:--:--     0100  2230    0  2230    0     0     63      0 --:--:--  0:00:34 --:--:--     0100  2230    0  2230    0     0     62      0 --:--:--  0:00:35 --:--:--     0data: {"data":"[wrangler:info] GET /api-docs 200 OK (20ms)","timestamp":"2026-02-26T16:29:58.350Z"}

100  2331    0  2331    0     0     64      0 --:--:--  0:00:36 --:--:--    23100  2331    0  2331    0     0     62      0 --:--:--  0:00:37 --:--:--    23100  2331    0  2331    0     0     61      0 --:--:--  0:00:38 --:--:--    23100  2331    0  2331    0     0     59      0 --:--:--  0:00:39 --:--:--    23100  2331    0  2331    0     0     57      0 --:--:--  0:00:40 --:--:--    23100  2331    0  2331    0     0     56      0 --:--:--  0:00:41 --:--:--     0100  2331    0  2331    0     0     55      0 --:--:--  0:00:42 --:--:--     0100  2331    0  2331    0     0     53      0 --:--:--  0:00:43 --:--:--     0100  2331    0  2331    0     0     52      0 --:--:--  0:00:44 --:--:--     0100  2331    0  2331    0     0     51      0 --:--:--  0:00:45 --:--:--     0100  2331    0  2331    0     0     50      0 --:--:--  0:00:46 --:--:--     0100  2331    0  2331    0     0     49      0 --:--:--  0:00:47 --:--:--     0100  2331    0  2331    0     0     48      0 --:--:--  0:00:48 --:--:--     0100  2331    0  2331    0     0     47      0 --:--:--  0:00:49 --:--:--     0100  2331    0  2331    0     0     46      0 --:--:--  0:00:50 --:--:--     0100  2331    0  2331    0     0     45      0 --:--:--  0:00:51 --:--:--     0100  2331    0  2331    0     0     44      0 --:--:--  0:00:52 --:--:--     0100  2331    0  2331    0     0     43      0 --:--:--  0:00:53 --:--:--     0100  2331    0  2331    0     0     42      0 --:--:--  0:00:54 --:--:--     0100  2331    0  2331    0     0     42      0 --:--:--  0:00:55 --:--:--     0100  2331    0  2331    0     0     41      0 --:--:--  0:00:56 --:--:--     0100  2331    0  2331    0     0     40      0 --:--:--  0:00:57 --:--:--     0100  2331    0  2331    0     0     40      0 --:--:--  0:00:58 --:--:--     0100  2331    0  2331    0     0     39      0 --:--:--  0:00:59 --:--:--     0data: {"data":"[wrangler:info] GET /v1 200 OK (31ms)","timestamp":"2026-02-26T16:30:21.474Z"}

100  2426    0  2426    0     0     40      0 --:--:--  0:01:00 --:--:--    18100  2426    0  2426    0     0     39      0 --:--:--  0:01:01 --:--:--    18100  2426    0  2426    0     0     38      0 --:--:--  0:01:02 --:--:--    18100  2426    0  2426    0     0     38      0 --:--:--  0:01:03 --:--:--    18100  2426    0  2426    0     0     37      0 --:--:--  0:01:04 --:--:--    18100  2426    0  2426    0     0     37      0 --:--:--  0:01:05 --:--:--     0100  2426    0  2426    0     0     36      0 --:--:--  0:01:06 --:--:--     0100  2426    0  2426    0     0     36      0 --:--:--  0:01:07 --:--:--     0100  2426    0  2426    0     0     35      0 --:--:--  0:01:08 --:--:--     0100  2426    0  2426    0     0     34      0 --:--:--  0:01:09 --:--:--     0100  2426    0  2426    0     0     34      0 --:--:--  0:01:10 --:--:--     0100  2426    0  2426    0     0     34      0 --:--:--  0:01:11 --:--:--     0100  2426    0  2426    0     0     33      0 --:--:--  0:01:12 --:--:--     0100  2426    0  2426    0     0     33      0 --:--:--  0:01:13 --:--:--     0100  2426    0  2426    0     0     32      0 --:--:--  0:01:14 --:--:--     0100  2426    0  2426    0     0     32      0 --:--:--  0:01:15 --:--:--     0100  2426    0  2426    0     0     31      0 --:--:--  0:01:16 --:--:--     0100  2426    0  2426    0     0     31      0 --:--:--  0:01:17 --:--:--     0100  2426    0  2426    0     0     30      0 --:--:--  0:01:18 --:--:--     0100  2426    0  2426    0     0     30      0 --:--:--  0:01:19 --:--:--     0100  2426    0  2426    0     0     30      0 --:--:--  0:01:20 --:--:--     0100  2426    0  2426    0     0     29      0 --:--:--  0:01:21 --:--:--     0100  2426    0  2426    0     0     29      0 --:--:--  0:01:22 --:--:--     0100  2426    0  2426    0     0     29      0 --:--:--  0:01:23 --:--:--     0100  2426    0  2426    0     0     28      0 --:--:--  0:01:24 --:--:--     0100  2426    0  2426    0     0     28      0 --:--:--  0:01:25 --:--:--     0100  2426    0  2426    0     0     28      0 --:--:--  0:01:26 --:--:--     0100  2426    0  2426    0     0     27      0 --:--:--  0:01:27 --:--:--     0100  2426    0  2426    0     0     27      0 --:--:--  0:01:28 --:--:--     0: keep-alive

100  2440    0  2440    0     0     27      0 --:--:--  0:01:29 --:--:--     2100  2440    0  2440    0     0     27      0 --:--:--  0:01:30 --:--:--     2100  2440    0  2440    0     0     26      0 --:--:--  0:01:31 --:--:--     2100  2440    0  2440    0     0     26      0 --:--:--  0:01:32 --:--:--     2100  2440    0  2440    0     0     26      0 --:--:--  0:01:33 --:--:--     2100  2440    0  2440    0     0     25      0 --:--:--  0:01:34 --:--:--     0100  2440    0  2440    0     0     25      0 --:--:--  0:01:35 --:--:--     0100  2440    0  2440    0     0     25      0 --:--:--  0:01:36 --:--:--     0100  2440    0  2440    0     0     25      0 --:--:--  0:01:37 --:--:--     0100  2440    0  2440    0     0     24      0 --:--:--  0:01:38 --:--:--     0100  2440    0  2440    0     0     24      0 --:--:--  0:01:39 --:--:--     0100  2440    0  2440    0     0     24      0 --:--:--  0:01:40 --:--:--     0100  2440    0  2440    0     0     24      0 --:--:--  0:01:41 --:--:--     0100  2440    0  2440    0     0     23      0 --:--:--  0:01:42 --:--:--     0100  2440    0  2440    0     0     23      0 --:--:--  0:01:43 --:--:--     0100  2440    0  2440    0     0     23      0 --:--:--  0:01:44 --:--:--     0100  2440    0  2440    0     0     23      0 --:--:--  0:01:45 --:--:--     0100  2440    0  2440    0     0     22      0 --:--:--  0:01:46 --:--:--     0100  2440    0  2440    0     0     22      0 --:--:--  0:01:47 --:--:--     0100  2440    0  2440    0     0     22      0 --:--:--  0:01:48 --:--:--     0100  2440    0  2440    0     0     22      0 --:--:--  0:01:49 --:--:--     0100  2440    0  2440    0     0     22      0 --:--:--  0:01:50 --:--:--     0100  2440    0  2440    0     0     21      0 --:--:--  0:01:51 --:--:--     0100  2440    0  2440    0     0     21      0 --:--:--  0:01:52 --:--:--     0100  2440    0  2440    0     0     21      0 --:--:--  0:01:53 --:--:--     0100  2440    0  2440    0     0     21      0 --:--:--  0:01:54 --:--:--     0100  2440    0  2440    0     0     21      0 --:--:--  0:01:55 --:--:--     0100  2440    0  2440    0     0     20      0 --:--:--  0:01:56 --:--:--     0100  2440    0  2440    0     0     20      0 --:--:--  0:01:57 --:--:--     0100  2440    0  2440    0     0     20      0 --:--:--  0:01:58 --:--:--     0: keep-alive

100  2454    0  2454    0     0     20      0 --:--:--  0:01:59 --:--:--     2100  2454    0  2454    0     0     20      0 --:--:--  0:02:00 --:--:--     2100  2454    0  2454    0     0     20      0 --:--:--  0:02:01 --:--:--     2100  2454    0  2454    0     0     20      0 --:--:--  0:02:02 --:--:--     2100  2454    0  2454    0     0     19      0 --:--:--  0:02:03 --:--:--     2100  2454    0  2454    0     0     19      0 --:--:--  0:02:04 --:--:--     0100  2454    0  2454    0     0     19      0 --:--:--  0:02:05 --:--:--     0100  2454    0  2454    0     0     19      0 --:--:--  0:02:06 --:--:--     0100  2454    0  2454    0     0     19      0 --:--:--  0:02:07 --:--:--     0100  2454    0  2454    0     0     19      0 --:--:--  0:02:08 --:--:--     0100  2454    0  2454    0     0     18      0 --:--:--  0:02:09 --:--:--     0100  2454    0  2454    0     0     18      0 --:--:--  0:02:10 --:--:--     0100  2454    0  2454    0     0     18      0 --:--:--  0:02:11 --:--:--     0100  2454    0  2454    0     0     18      0 --:--:--  0:02:12 --:--:--     0100  2454    0  2454    0     0     18      0 --:--:--  0:02:13 --:--:--     0100  2454    0  2454    0     0     18      0 --:--:--  0:02:14 --:--:--     0100  2454    0  2454    0     0     18      0 --:--:--  0:02:15 --:--:--     0100  2454    0  2454    0     0     17      0 --:--:--  0:02:16 --:--:--     0100  2454    0  2454    0     0     17      0 --:--:--  0:02:17 --:--:--     0100  2454    0  2454    0     0     17      0 --:--:--  0:02:18 --:--:--     0100  2454    0  2454    0     0     17      0 --:--:--  0:02:19 --:--:--     0100  2454    0  2454    0     0     17      0 --:--:--  0:02:20 --:--:--     0100  2454    0  2454    0     0     17      0 --:--:--  0:02:21 --:--:--     0100  2454    0  2454    0     0     17      0 --:--:--  0:02:22 --:--:--     0100  2454    0  2454    0     0     17      0 --:--:--  0:02:23 --:--:--     0100  2454    0  2454    0     0     17      0 --:--:--  0:02:24 --:--:--     0100  2454    0  2454    0     0     16      0 --:--:--  0:02:25 --:--:--     0100  2454    0  2454    0     0     16      0 --:--:--  0:02:26 --:--:--     0100  2454    0  2454    0     0     16      0 --:--:--  0:02:27 --:--:--     0100  2454    0  2454    0     0     16      0 --:--:--  0:02:28 --:--:--     0: keep-alive

100  2468    0  2468    0     0     16      0 --:--:--  0:02:29 --:--:--     2100  2468    0  2468    0     0     16      0 --:--:--  0:02:30 --:--:--     3100  2468    0  2468    0     0     16      0 --:--:--  0:02:31 --:--:--     3100  2468    0  2468    0     0     16      0 --:--:--  0:02:32 --:--:--     3100  2468    0  2468    0     0     16      0 --:--:--  0:02:33 --:--:--     3100  2468    0  2468    0     0     16      0 --:--:--  0:02:34 --:--:--     0100  2468    0  2468    0     0     15      0 --:--:--  0:02:35 --:--:--     0100  2468    0  2468    0     0     15      0 --:--:--  0:02:36 --:--:--     0100  2468    0  2468    0     0     15      0 --:--:--  0:02:37 --:--:--     0100  2468    0  2468    0     0     15      0 --:--:--  0:02:38 --:--:--     0100  2468    0  2468    0     0     15      0 --:--:--  0:02:39 --:--:--     0100  2468    0  2468    0     0     15      0 --:--:--  0:02:40 --:--:--     0100  2468    0  2468    0     0     15      0 --:--:--  0:02:41 --:--:--     0100  2468    0  2468    0     0     15      0 --:--:--  0:02:42 --:--:--     0100  2468    0  2468    0     0     15      0 --:--:--  0:02:43 --:--:--     0100  2468    0  2468    0     0     15      0 --:--:--  0:02:44 --:--:--     0100  2468    0  2468    0     0     14      0 --:--:--  0:02:45 --:--:--     0100  2468    0  2468    0     0     14      0 --:--:--  0:02:46 --:--:--     0100  2468    0  2468    0     0     14      0 --:--:--  0:02:47 --:--:--     0100  2468    0  2468    0     0     14      0 --:--:--  0:02:48 --:--:--     0100  2468    0  2468    0     0     14      0 --:--:--  0:02:49 --:--:--     0100  2468    0  2468    0     0     14      0 --:--:--  0:02:50 --:--:--     0100  2468    0  2468    0     0     14      0 --:--:--  0:02:51 --:--:--     0100  2468    0  2468    0     0     14      0 --:--:--  0:02:52 --:--:--     0100  2468    0  2468    0     0     14      0 --:--:--  0:02:53 --:--:--     0100  2468    0  2468    0     0     14      0 --:--:--  0:02:54 --:--:--     0100  2468    0  2468    0     0     14      0 --:--:--  0:02:55 --:--:--     0100  2468    0  2468    0     0     14      0 --:--:--  0:02:56 --:--:--     0100  2468    0  2468    0     0     13      0 --:--:--  0:02:57 --:--:--     0100  2468    0  2468    0     0     13      0 --:--:--  0:02:58 --:--:--     0100  2468    0  2468    0     0     13      0 --:--:--  0:02:59 --:--:--     0: keep-alive

100  2482    0  2482    0     0     13      0 --:--:--  0:03:00 --:--:--     2100  2482    0  2482    0     0     13      0 --:--:--  0:03:01 --:--:--     2100  2482    0  2482    0     0     13      0 --:--:--  0:03:02 --:--:--     2100  2482    0  2482    0     0     13      0 --:--:--  0:03:03 --:--:--     2100  2482    0  2482    0     0     13      0 --:--:--  0:03:04 --:--:--     2100  2482    0  2482    0     0     13      0 --:--:--  0:03:05 --:--:--     0100  2482    0  2482    0     0     13      0 --:--:--  0:03:06 --:--:--     0100  2482    0  2482    0     0     13      0 --:--:--  0:03:07 --:--:--     0100  2482    0  2482    0     0     13      0 --:--:--  0:03:08 --:--:--     0100  2482    0  2482    0     0     13      0 --:--:--  0:03:09 --:--:--     0100  2482    0  2482    0     0     13      0 --:--:--  0:03:10 --:--:--     0100  2482    0  2482    0     0     12      0 --:--:--  0:03:11 --:--:--     0100  2482    0  2482    0     0     12      0 --:--:--  0:03:12 --:--:--     0100  2482    0  2482    0     0     12      0 --:--:--  0:03:13 --:--:--     0100  2482    0  2482    0     0     12      0 --:--:--  0:03:14 --:--:--     0100  2482    0  2482    0     0     12      0 --:--:--  0:03:15 --:--:--     0100  2482    0  2482    0     0     12      0 --:--:--  0:03:16 --:--:--     0100  2482    0  2482    0     0     12      0 --:--:--  0:03:17 --:--:--     0100  2482    0  2482    0     0     12      0 --:--:--  0:03:18 --:--:--     0100  2482    0  2482    0     0     12      0 --:--:--  0:03:19 --:--:--     0100  2482    0  2482    0     0     12      0 --:--:--  0:03:20 --:--:--     0100  2482    0  2482    0     0     12      0 --:--:--  0:03:21 --:--:--     0100  2482    0  2482    0     0     12      0 --:--:--  0:03:22 --:--:--     0100  2482    0  2482    0     0     12      0 --:--:--  0:03:23 --:--:--     0100  2482    0  2482    0     0     12      0 --:--:--  0:03:24 --:--:--     0100  2482    0  2482    0     0     12      0 --:--:--  0:03:25 --:--:--     0100  2482    0  2482    0     0     12      0 --:--:--  0:03:26 --:--:--     0100  2482    0  2482    0     0     11      0 --:--:--  0:03:27 --:--:--     0100  2482    0  2482    0     0     11      0 --:--:--  0:03:28 --:--:--     0: keep-alive

100  2496    0  2496    0     0     11      0 --:--:--  0:03:29 --:--:--     2100  2496    0  2496    0     0     11      0 --:--:--  0:03:30 --:--:--     2100  2496    0  2496    0     0     11      0 --:--:--  0:03:31 --:--:--     2100  2496    0  2496    0     0     11      0 --:--:--  0:03:32 --:--:--     2100  2496    0  2496    0     0     11      0 --:--:--  0:03:33 --:--:--     2100  2496    0  2496    0     0     11      0 --:--:--  0:03:34 --:--:--     0100  2496    0  2496    0     0     11      0 --:--:--  0:03:35 --:--:--     0100  2496    0  2496    0     0     11      0 --:--:--  0:03:36 --:--:--     0100  2496    0  2496    0     0     11      0 --:--:--  0:03:37 --:--:--     0100  2496    0  2496    0     0     11      0 --:--:--  0:03:38 --:--:--     0100  2496    0  2496    0     0     11      0 --:--:--  0:03:39 --:--:--     0100  2496    0  2496    0     0     11      0 --:--:--  0:03:40 --:--:--     0100  2496    0  2496    0     0     11      0 --:--:--  0:03:41 --:--:--     0100  2496    0  2496    0     0     11      0 --:--:--  0:03:42 --:--:--     0100  2496    0  2496    0     0     11      0 --:--:--  0:03:43 --:--:--     0100  2496    0  2496    0     0     11      0 --:--:--  0:03:44 --:--:--     0100  2496    0  2496    0     0     11      0 --:--:--  0:03:45 --:--:--     0100  2496    0  2496    0     0     11      0 --:--:--  0:03:46 --:--:--     0100  2496    0  2496    0     0     10      0 --:--:--  0:03:47 --:--:--     0100  2496    0  2496    0     0     10      0 --:--:--  0:03:48 --:--:--     0100  2496    0  2496    0     0     10      0 --:--:--  0:03:49 --:--:--     0100  2496    0  2496    0     0     10      0 --:--:--  0:03:50 --:--:--     0100  2496    0  2496    0     0     10      0 --:--:--  0:03:51 --:--:--     0100  2496    0  2496    0     0     10      0 --:--:--  0:03:52 --:--:--     0100  2496    0  2496    0     0     10      0 --:--:--  0:03:53 --:--:--     0100  2496    0  2496    0     0     10      0 --:--:--  0:03:54 --:--:--     0100  2496    0  2496    0     0     10      0 --:--:--  0:03:55 --:--:--     0100  2496    0  2496    0     0     10      0 --:--:--  0:03:56 --:--:--     0100  2496    0  2496    0     0     10      0 --:--:--  0:03:57 --:--:--     0100  2496    0  2496    0     0     10      0 --:--:--  0:03:58 --:--:--     0: keep-alive

100  2510    0  2510    0     0     10      0 --:--:--  0:03:59 --:--:--     2100  2510    0  2510    0     0     10      0 --:--:--  0:04:00 --:--:--     2100  2510    0  2510    0     0     10      0 --:--:--  0:04:01 --:--:--     2100  2510    0  2510    0     0     10      0 --:--:--  0:04:02 --:--:--     2100  2510    0  2510    0     0     10      0 --:--:--  0:04:03 --:--:--     2100  2510    0  2510    0     0     10      0 --:--:--  0:04:04 --:--:--     0100  2510    0  2510    0     0     10      0 --:--:--  0:04:05 --:--:--     0100  2510    0  2510    0     0     10      0 --:--:--  0:04:06 --:--:--     0100  2510    0  2510    0     0     10      0 --:--:--  0:04:07 --:--:--     0100  2510    0  2510    0     0     10      0 --:--:--  0:04:08 --:--:--     0100  2510    0  2510    0     0     10      0 --:--:--  0:04:09 --:--:--     0100  2510    0  2510    0     0     10      0 --:--:--  0:04:10 --:--:--     0100  2510    0  2510    0     0      9      0 --:--:--  0:04:11 --:--:--     0100  2510    0  2510    0     0      9      0 --:--:--  0:04:12 --:--:--     0100  2510    0  2510    0     0      9      0 --:--:--  0:04:13 --:--:--     0100  2510    0  2510    0     0      9      0 --:--:--  0:04:14 --:--:--     0100  2510    0  2510    0     0      9      0 --:--:--  0:04:15 --:--:--     0100  2510    0  2510    0     0      9      0 --:--:--  0:04:16 --:--:--     0100  2510    0  2510    0     0      9      0 --:--:--  0:04:17 --:--:--     0100  2510    0  2510    0     0      9      0 --:--:--  0:04:18 --:--:--     0100  2510    0  2510    0     0      9      0 --:--:--  0:04:19 --:--:--     0100  2510    0  2510    0     0      9      0 --:--:--  0:04:20 --:--:--     0100  2510    0  2510    0     0      9      0 --:--:--  0:04:21 --:--:--     0100  2510    0  2510    0     0      9      0 --:--:--  0:04:22 --:--:--     0100  2510    0  2510    0     0      9      0 --:--:--  0:04:23 --:--:--     0100  2510    0  2510    0     0      9      0 --:--:--  0:04:24 --:--:--     0100  2510    0  2510    0     0      9      0 --:--:--  0:04:25 --:--:--     0100  2510    0  2510    0     0      9      0 --:--:--  0:04:26 --:--:--     0100  2510    0  2510    0     0      9      0 --:--:--  0:04:27 --:--:--     0100  2510    0  2510    0     0      9      0 --:--:--  0:04:28 --:--:--     0: keep-alive

100  2524    0  2524    0     0      9      0 --:--:--  0:04:29 --:--:--     2100  2524    0  2524    0     0      9      0 --:--:--  0:04:30 --:--:--     2100  2524    0  2524    0     0      9      0 --:--:--  0:04:31 --:--:--     2100  2524    0  2524    0     0      9      0 --:--:--  0:04:32 --:--:--     2100  2524    0  2524    0     0      9      0 --:--:--  0:04:33 --:--:--     2100  2524    0  2524    0     0      9      0 --:--:--  0:04:34 --:--:--     0100  2524    0  2524    0     0      9      0 --:--:--  0:04:35 --:--:--     0100  2524    0  2524    0     0      9      0 --:--:--  0:04:36 --:--:--     0100  2524    0  2524    0     0      9      0 --:--:--  0:04:37 --:--:--     0100  2524    0  2524    0     0      9      0 --:--:--  0:04:38 --:--:--     0100  2524    0  2524    0     0      9      0 --:--:--  0:04:39 --:--:--     0100  2524    0  2524    0     0      9      0 --:--:--  0:04:40 --:--:--     0100  2524    0  2524    0     0      8      0 --:--:--  0:04:41 --:--:--     0100  2524    0  2524    0     0      8      0 --:--:--  0:04:42 --:--:--     0100  2524    0  2524    0     0      8      0 --:--:--  0:04:43 --:--:--     0100  2524    0  2524    0     0      8      0 --:--:--  0:04:44 --:--:--     0100  2524    0  2524    0     0      8      0 --:--:--  0:04:45 --:--:--     0100  2524    0  2524    0     0      8      0 --:--:--  0:04:46 --:--:--     0100  2524    0  2524    0     0      8      0 --:--:--  0:04:47 --:--:--     0100  2524    0  2524    0     0      8      0 --:--:--  0:04:48 --:--:--     0100  2524    0  2524    0     0      8      0 --:--:--  0:04:49 --:--:--     0100  2524    0  2524    0     0      8      0 --:--:--  0:04:50 --:--:--     0100  2524    0  2524    0     0      8      0 --:--:--  0:04:51 --:--:--     0100  2524    0  2524    0     0      8      0 --:--:--  0:04:52 --:--:--     0100  2524    0  2524    0     0      8      0 --:--:--  0:04:53 --:--:--     0100  2524    0  2524    0     0      8      0 --:--:--  0:04:54 --:--:--     0100  2524    0  2524    0     0      8      0 --:--:--  0:04:55 --:--:--     0100  2524    0  2524    0     0      8      0 --:--:--  0:04:56 --:--:--     0100  2524    0  2524    0     0      8      0 --:--:--  0:04:57 --:--:--     0100  2524    0  2524    0     0      8      0 --:--:--  0:04:58 --:--:--     0: keep-alive

100  2538    0  2538    0     0      8      0 --:--:--  0:04:59 --:--:--     2100  2538    0  2538    0     0      8      0 --:--:--  0:05:00 --:--:--     2100  2538    0  2538    0     0      8      0 --:--:--  0:05:01 --:--:--     2100  2538    0  2538    0     0      8      0 --:--:--  0:05:02 --:--:--     2100  2538    0  2538    0     0      8      0 --:--:--  0:05:03 --:--:--     2100  2538    0  2538    0     0      8      0 --:--:--  0:05:04 --:--:--     0100  2538    0  2538    0     0      8      0 --:--:--  0:05:05 --:--:--     0100  2538    0  2538    0     0      8      0 --:--:--  0:05:06 --:--:--     0100  2538    0  2538    0     0      8      0 --:--:--  0:05:07 --:--:--     0100  2538    0  2538    0     0      8      0 --:--:--  0:05:08 --:--:--     0100  2538    0  2538    0     0      8      0 --:--:--  0:05:09 --:--:--     0100  2538    0  2538    0     0      8      0 --:--:--  0:05:10 --:--:--     0100  2538    0  2538    0     0      8      0 --:--:--  0:05:11 --:--:--     0100  2538    0  2538    0     0      8      0 --:--:--  0:05:12 --:--:--     0100  2538    0  2538    0     0      8      0 --:--:--  0:05:13 --:--:--     0100  2538    0  2538    0     0      8      0 --:--:--  0:05:14 --:--:--     0100  2538    0  2538    0     0      8      0 --:--:--  0:05:15 --:--:--     0100  2538    0  2538    0     0      8      0 --:--:--  0:05:16 --:--:--     0100  2538    0  2538    0     0      7      0 --:--:--  0:05:17 --:--:--     0100  2538    0  2538    0     0      7      0 --:--:--  0:05:18 --:--:--     0100  2538    0  2538    0     0      7      0 --:--:--  0:05:19 --:--:--     0100  2538    0  2538    0     0      7      0 --:--:--  0:05:20 --:--:--     0100  2538    0  2538    0     0      7      0 --:--:--  0:05:21 --:--:--     0100  2538    0  2538    0     0      7      0 --:--:--  0:05:22 --:--:--     0100  2538    0  2538    0     0      7      0 --:--:--  0:05:23 --:--:--     0100  2538    0  2538    0     0      7      0 --:--:--  0:05:24 --:--:--     0100  2538    0  2538    0     0      7      0 --:--:--  0:05:25 --:--:--     0100  2538    0  2538    0     0      7      0 --:--:--  0:05:26 --:--:--     0100  2538    0  2538    0     0      7      0 --:--:--  0:05:27 --:--:--     0100  2538    0  2538    0     0      7      0 --:--:--  0:05:28 --:--:--     0: keep-alive

100  2552    0  2552    0     0      7      0 --:--:--  0:05:29 --:--:--     2100  2552    0  2552    0     0      7      0 --:--:--  0:05:30 --:--:--     2100  2552    0  2552    0     0      7      0 --:--:--  0:05:31 --:--:--     2100  2552    0  2552    0     0      7      0 --:--:--  0:05:32 --:--:--     2100  2552    0  2552    0     0      7      0 --:--:--  0:05:33 --:--:--     2100  2552    0  2552    0     0      7      0 --:--:--  0:05:34 --:--:--     0100  2552    0  2552    0     0      7      0 --:--:--  0:05:35 --:--:--     0100  2552    0  2552    0     0      7      0 --:--:--  0:05:36 --:--:--     0100  2552    0  2552    0     0      7      0 --:--:--  0:05:37 --:--:--     0100  2552    0  2552    0     0      7      0 --:--:--  0:05:38 --:--:--     0100  2552    0  2552    0     0      7      0 --:--:--  0:05:39 --:--:--     0100  2552    0  2552    0     0      7      0 --:--:--  0:05:40 --:--:--     0100  2552    0  2552    0     0      7      0 --:--:--  0:05:41 --:--:--     0100  2552    0  2552    0     0      7      0 --:--:--  0:05:42 --:--:--     0100  2552    0  2552    0     0      7      0 --:--:--  0:05:43 --:--:--     0100  2552    0  2552    0     0      7      0 --:--:--  0:05:44 --:--:--     0100  2552    0  2552    0     0      7      0 --:--:--  0:05:45 --:--:--     0100  2552    0  2552    0     0      7      0 --:--:--  0:05:46 --:--:--     0100  2552    0  2552    0     0      7      0 --:--:--  0:05:47 --:--:--     0100  2552    0  2552    0     0      7      0 --:--:--  0:05:48 --:--:--     0100  2552    0  2552    0     0      7      0 --:--:--  0:05:49 --:--:--     0100  2552    0  2552    0     0      7      0 --:--:--  0:05:50 --:--:--     0100  2552    0  2552    0     0      7      0 --:--:--  0:05:51 --:--:--     0100  2552    0  2552    0     0      7      0 --:--:--  0:05:52 --:--:--     0100  2552    0  2552    0     0      7      0 --:--:--  0:05:53 --:--:--     0100  2552    0  2552    0     0      7      0 --:--:--  0:05:54 --:--:--     0100  2552    0  2552    0     0      7      0 --:--:--  0:05:54 --:--:--     0
